spawn:
  world: um
  x: -187.36680709267085
  y: 64.0
  z: 252.3909893540315
  pitch: 2.100017
  yaw: 0.29933333
