spawns:
  newbies:
    world: 7243ac88-b92b-4d6a-bc8a-eeac6a9eaa5f
    world-name: new
    x: 0.0
    y: 85.0
    z: 0.0
    yaw: 0.0
    pitch: 0.0
  default:
    world: 464a7691-b78f-4ba6-b771-6fdd81653fa9
    world-name: unstable
    x: -42.583495873111644
    y: 78.0
    z: 173.4956338391907
    yaw: -269.55096435546875
    pitch: 1.1998810768127441
